[ 0.0822447   0.08276737  0.0817825   0.08941975  0.08862177  0.08258314
  0.08886176  0.08626676  0.08403684  0.08010943  0.08314611  0.09625096
 -0.00105227] 
[0.07891142 0.08726968 0.03475906 0.05450392 0.00812565 0.02245215
 0.0593506  0.00843215 0.12584978 0.01627867 0.0022189  0.03830164
 0.00076224] 
[0.01682299 0.02215029 0.00809096 0.01414769 0.00669858 0.01309879
 0.01075941 0.01307519 0.00329972 0.00735981 0.00268459 0.00106229
 0.00054617] 
[0.07336218 0.07472516 0.03533086 0.02315822 0.03039523 0.01735329
 0.03699625 0.04219596 0.06597441 0.04733164 0.01150139 0.06156112
 0.00079597] 

[ 0.08009981  0.08034882  0.08070832  0.08945788  0.09016439  0.08202709
  0.08483711  0.08221678  0.0829592   0.08070292  0.08545466  0.09836476
 -0.00014031] 
[0.08223151 0.08235101 0.03551673 0.05283858 0.00894308 0.02086086
 0.06163603 0.0076504  0.1210715  0.01646025 0.00287716 0.03650155
 0.0007905 ] 
[0.01570623 0.02283131 0.00834456 0.01338362 0.00675769 0.01321168
 0.01127029 0.01192992 0.00359355 0.0074091  0.00324269 0.00106602
 0.0006187 ] 
[0.07030907 0.07615062 0.03490712 0.02251771 0.02825063 0.02026937
 0.03572109 0.0367875  0.06791363 0.04677239 0.01218072 0.05342159
 0.00065089] 

[0.07849453 0.0788959  0.07969281 0.08951662 0.0913204  0.08165471
 0.08169182 0.07939453 0.08230573 0.08136526 0.08728598 0.09952227
 0.00040265] 
[0.07031153 0.07789978 0.03556941 0.04481725 0.01148149 0.02225545
 0.06020884 0.00720195 0.10918485 0.01955916 0.00347905 0.03303418
 0.0007801 ] 
[0.0150761  0.0226257  0.00851929 0.01285456 0.00686157 0.01335373
 0.0114095  0.01136342 0.00386435 0.00742176 0.00370302 0.00112186
 0.00065471] 
[0.06035714 0.07245819 0.03123567 0.01970473 0.03037303 0.02161275
 0.0314001  0.0355225  0.06892716 0.04882418 0.0132748  0.04786693
 0.00055838] 

[0.07760607 0.0783433  0.07904117 0.08952057 0.09194148 0.0815759
 0.07980914 0.07786014 0.08200435 0.08185739 0.0883878  0.10004432
 0.00053405] 
[0.06880059 0.07682461 0.03930274 0.04597325 0.01434209 0.02022568
 0.06590578 0.00745452 0.0996298  0.02159098 0.00433422 0.03037971
 0.00081879] 
[0.01497555 0.02234508 0.00875556 0.01258961 0.00691821 0.01351461
 0.01148277 0.01098798 0.00410118 0.00754884 0.0041958  0.00122905
 0.00068224] 
[0.0566739  0.06998485 0.03071204 0.02021377 0.03129785 0.0232049
 0.03091074 0.03454791 0.06866702 0.04852852 0.0143934  0.04509004
 0.00051272] 

[0.07724374 0.0782859  0.07879935 0.08964419 0.09216312 0.08157238
 0.07878309 0.07696272 0.08171576 0.0820708  0.08898347 0.10023668
 0.0006138 ] 
[0.0614787  0.0747669  0.04089345 0.04175548 0.01802619 0.02024313
 0.06701075 0.00748869 0.09206959 0.02517086 0.00498493 0.02834717
 0.00081824] 
[0.01477896 0.02185436 0.00889205 0.01233109 0.0070163  0.01356772
 0.01145378 0.01078005 0.00428955 0.00759348 0.00455588 0.00131194
 0.00069625] 
[0.05163315 0.06633313 0.02972499 0.01975648 0.03448021 0.02299795
 0.02986406 0.03555311 0.06835651 0.0495581  0.01538197 0.04447759
 0.00049296] 

[0.07720921 0.07842889 0.07876445 0.08969989 0.09217249 0.08174823
 0.07848847 0.07661556 0.08155903 0.08203053 0.08915435 0.10020006
 0.00059143] 
[0.05922313 0.07321628 0.04342976 0.04031004 0.02130096 0.01866733
 0.07019001 0.00768387 0.08866397 0.0278546  0.00555264 0.02755995
 0.0008251 ] 
[0.01463808 0.02141597 0.00897884 0.01214501 0.00709964 0.01362902
 0.01140102 0.01066016 0.00443786 0.00761409 0.00482427 0.00138131
 0.00070274] 
[0.04841893 0.06337783 0.02987912 0.01989585 0.0371226  0.02227395
 0.02995198 0.03614732 0.06860955 0.05047033 0.01609636 0.04562286
 0.0004869 ] 

[0.07727115 0.0785427  0.07878438 0.08970547 0.09211279 0.08203983
 0.07863345 0.07655606 0.08147727 0.08180413 0.08909009 0.10006025
 0.00056815] 
[0.05530984 0.0713603  0.04448374 0.03685937 0.02458683 0.01795952
 0.07067739 0.00775938 0.08701184 0.03096796 0.00581045 0.02737322
 0.00080713] 
[0.01444636 0.02095145 0.00897723 0.01197554 0.00720023 0.01363253
 0.01130463 0.01065757 0.00453995 0.00756617 0.00493107 0.00141646
 0.00069906] 
[0.0450778  0.06071056 0.02991038 0.01933297 0.04035391 0.02078913
 0.02976093 0.03704505 0.06959555 0.05206192 0.01642687 0.04791155
 0.00048963] 

[0.07734068 0.07857731 0.07874879 0.08958758 0.0920447  0.0824531
 0.07908718 0.07673396 0.08152039 0.08147327 0.08887365 0.0998619
 0.00050493] 
[0.05367476 0.07005368 0.04585329 0.03479215 0.02738728 0.01672544
 0.072043   0.00791421 0.08713593 0.03332259 0.00594654 0.02777973
 0.0007935 ] 
[0.01429392 0.02056133 0.00894473 0.01184933 0.0072889  0.01362687
 0.01120549 0.0107083  0.00461206 0.00750217 0.00495835 0.00143565
 0.00069162] 
[0.04266283 0.05880075 0.03025123 0.01884803 0.0429394  0.01936851
 0.02984382 0.03749943 0.07102391 0.05350813 0.01648745 0.05070083
 0.00049582] 

[0.07735959 0.07852815 0.07863943 0.0893954  0.0919897  0.08291196
 0.0796782  0.07701647 0.08163401 0.08109706 0.08860329 0.09965329
 0.00044081] 
[0.0516694  0.06891431 0.04653112 0.03239144 0.02999581 0.01593365
 0.07231513 0.00801818 0.08779128 0.03565023 0.00593278 0.02838538
 0.00077371] 
[0.01414132 0.02020036 0.00888319 0.01173967 0.00737843 0.01358961
 0.01109861 0.01080457 0.00465978 0.00741754 0.00491569 0.0014384
 0.00068122] 
[0.04048738 0.05733696 0.03045634 0.01815675 0.0453785  0.01802416
 0.02977478 0.03793698 0.07272589 0.05495453 0.01634336 0.05359455
 0.00050357] 

[0.07733541 0.07843089 0.07846099 0.08913431 0.09194669 0.08338343
 0.0803235  0.07736102 0.0818063  0.08071699 0.08831664 0.09944658
 0.00036604] 
[0.05057418 0.06812417 0.0472606  0.03065582 0.03224602 0.01508776
 0.07288116 0.00813126 0.08900729 0.03755862 0.00587922 0.02915996
 0.00075866] 
[0.01400845 0.01989736 0.00881758 0.01164991 0.00745727 0.01355123
 0.01100043 0.01090833 0.00469451 0.00733398 0.00485246 0.00143475
 0.00067086] 
[0.03874522 0.05630409 0.03067684 0.01754815 0.04731759 0.01694729
 0.02975886 0.03817577 0.07450592 0.05610572 0.01611101 0.0563012
 0.00051054] 

[0.07727406 0.0783088  0.07823931 0.08884346 0.09191309 0.08382753
 0.08094944 0.07770965 0.08199967 0.08035512 0.08804618 0.09925497
 0.00029575] 
[0.0494083  0.06748806 0.04765088 0.0289548  0.03429695 0.01449976
 0.0729759  0.00819434 0.09033008 0.03943139 0.00578417 0.02993297
 0.00074373] 
[0.01387504 0.01963022 0.00874779 0.01156754 0.00753079 0.01351183
 0.01090967 0.01101202 0.00472091 0.00724999 0.00477738 0.00142583
 0.00066079] 
[0.03715422 0.05550321 0.03079541 0.01693757 0.04905692 0.01606575
 0.02968485 0.03841293 0.07629333 0.05707399 0.01583849 0.05874719
 0.00051628] 

[0.07719515 0.0781816  0.07799297 0.08853389 0.09188545 0.08423442
 0.08152957 0.07804708 0.08220182 0.08002267 0.08779843 0.09907848
 0.00022621] 
[0.04858999 0.06703466 0.04799779 0.02756321 0.03611842 0.01397799
 0.07312315 0.00823058 0.09180517 0.0411553  0.00568811 0.03070009
 0.00073208] 
[0.0137457  0.01940508 0.0086809  0.01149274 0.00759535 0.0134854
 0.01083176 0.01110157 0.00474386 0.00717238 0.00470723 0.00141549
 0.00065183] 
[0.03574447 0.05488205 0.03088626 0.01640185 0.05054405 0.01537604
 0.02963129 0.03859879 0.0780262  0.05782396 0.01557141 0.060905
 0.00052028] 

[0.07710862 0.07805665 0.077738   0.08822264 0.09186311 0.08459878
 0.08204818 0.07835728 0.08239733 0.07972255 0.08757782 0.09891835
 0.00016153] 
[0.0477758  0.06668169 0.04817384 0.02626279 0.03779569 0.01360462
 0.07306384 0.0082247  0.09327071 0.04288563 0.00558903 0.03140438
 0.00072162] 
[0.01361455 0.01921015 0.0086158  0.01142126 0.00765376 0.01347101
 0.01076505 0.01117679 0.004765   0.00710001 0.00464302 0.00140422
 0.00064385] 
[0.03442425 0.05435592 0.03092587 0.01590573 0.05192442 0.01481896
 0.02956764 0.03880243 0.07969088 0.05843793 0.0153217  0.06281885
 0.0005228 ] 

[7.7024586e-02 7.7938162e-02 7.7482723e-02 8.7914050e-02 9.1845594e-02
 8.4926382e-02 8.2507558e-02 7.8640081e-02 8.2582220e-02 7.9453863e-02
 8.7380975e-02 9.8771848e-02 9.9628051e-05] 
[0.04710868 0.0664285  0.04830175 0.02512994 0.03933515 0.01329775
 0.07300173 0.0081928  0.09475069 0.04457301 0.00549887 0.03205747
 0.00071315] 
[0.01348493 0.01904377 0.00855426 0.01135355 0.00770552 0.01347066
 0.01070975 0.01123604 0.00478568 0.00703443 0.00458801 0.00139328
 0.00063691] 
[0.03320557 0.05390209 0.030946   0.01546494 0.05319333 0.01437031
 0.02951922 0.03900255 0.08127524 0.05892975 0.01509817 0.06452332
 0.00052399] 

[7.6946959e-02 7.7826299e-02 7.7232525e-02 8.7613955e-02 9.1833144e-02
 8.5222855e-02 8.2912371e-02 7.8894466e-02 8.2752481e-02 7.9213366e-02
 8.7205321e-02 9.8637544e-02 4.1470747e-05] 
[0.04647042 0.06623973 0.04834674 0.02408792 0.04077917 0.01307265
 0.07285602 0.00813609 0.09618571 0.04626497 0.00541518 0.03264832
 0.00070575] 
[0.01335648 0.01889869 0.00849562 0.01128852 0.00775238 0.01348096
 0.01066369 0.01128237 0.00480605 0.00697454 0.0045406  0.00138274
 0.00063081] 
[0.03206273 0.05349135 0.03094194 0.01506332 0.05440378 0.01399812
 0.0294744  0.03921769 0.08278199 0.05933969 0.01489902 0.06606149
 0.00052421] 

[ 7.6878652e-02  7.7721044e-02  7.6989651e-02  8.7323576e-02
  9.1825545e-02  8.5495234e-02  8.3271243e-02  7.9123899e-02
  8.2908213e-02  7.8997210e-02  8.7046862e-02  9.8513097e-02
 -1.3786330e-05] 
[0.04590939 0.06610928 0.04836067 0.02315474 0.04213741 0.01289267
 0.072706   0.00806507 0.09758662 0.04793392 0.00534062 0.03319008
 0.00069959] 
[0.01323139 0.01877187 0.00844026 0.01122652 0.00779473 0.01350005
 0.01062555 0.01131761 0.00482626 0.00692021 0.00450037 0.0013729
 0.00062546] 
[0.03100012 0.05311624 0.03092545 0.01470174 0.05555229 0.01368625
 0.02943945 0.03943643 0.08421248 0.05967916 0.01472279 0.06746082
 0.00052366] 

[ 7.6819964e-02  7.7621654e-02  7.6755367e-02  8.7044671e-02
  9.1822580e-02  8.5748523e-02  8.3591476e-02  7.9330683e-02
  8.3049491e-02  7.8801490e-02  8.6902790e-02  9.8397084e-02
 -6.5827626e-05] 
[0.04538322 0.06602005 0.04833651 0.02230006 0.04343013 0.01275703
 0.07252757 0.00798337 0.09893247 0.04959073 0.00527325 0.03368465
 0.00069423] 
[0.01311011 0.01865898 0.00838784 0.01116723 0.00783361 0.01352492
 0.01059356 0.01134456 0.00484617 0.00687054 0.00446572 0.0013637
 0.0006207 ] 
[0.03000844 0.05276687 0.03089584 0.01437224 0.05665546 0.01341909
 0.02940912 0.0396625  0.0855718  0.05996558 0.01456575 0.06874617
 0.0005226 ] 

[ 0.07677083  0.07752779  0.07653002  0.08677739  0.09182367  0.08598682
  0.08388005  0.07951798  0.08317766  0.07862271  0.0867704   0.09828797
 -0.00011492] 
[0.04490643 0.06596588 0.04829626 0.02152433 0.04466433 0.01264896
 0.07235115 0.00789662 0.10022914 0.05122094 0.0052131  0.03414129
 0.00068966] 
[0.0129936  0.01855767 0.00833837 0.01111076 0.00786947 0.01355371
 0.01056647 0.01136506 0.0048657  0.00682504 0.00443576 0.00135516
 0.00061645] 
[0.02908657 0.05244034 0.03085785 0.01407271 0.05771097 0.01318763
 0.02938454 0.03989025 0.08686371 0.06020563 0.01442521 0.06993388
 0.00052115] 

[ 0.07673036  0.07743903  0.07631374  0.08652203  0.09182824  0.08621271
  0.0841423   0.07968813  0.08329383  0.07845785  0.08664776  0.09818473
 -0.00016094] 
[0.04446239 0.06593759 0.04824007 0.02081313 0.04584986 0.01256517
 0.07216994 0.0078073  0.10147051 0.05282577 0.00515886 0.03456385
 0.00068567] 
[0.01288206 0.01846552 0.00829163 0.01105695 0.00790287 0.0135846
 0.01054312 0.01138088 0.00488472 0.00678304 0.00440945 0.00134719
 0.00061261] 
[0.02822866 0.05213279 0.03081209 0.01379875 0.0587244  0.0129841
 0.02936346 0.04012003 0.08809266 0.06040749 0.01429835 0.0710379
 0.00051947] 

[ 0.07669771  0.07735519  0.07610641  0.08627831  0.09183565  0.08642802
  0.08438268  0.07984342  0.08339939  0.07830444  0.08653321  0.09808646
 -0.00020403] 
[0.04405411 0.06593031 0.04817737 0.02016258 0.0469911  0.01249768
 0.07199551 0.0077181  0.10266039 0.05439802 0.00511002 0.034958
 0.00068218] 
[0.01277575 0.01838099 0.00824751 0.01100576 0.00793413 0.01361642
 0.01052269 0.01139322 0.00490318 0.00674413 0.00438612 0.00133975
 0.00060911] 
[0.02743133 0.05184257 0.03076097 0.01354813 0.05969527 0.01280351
 0.02934594 0.04034935 0.08926208 0.06057559 0.01418311 0.07206813
 0.00051763] 

